-1  59  85  40  64  32  7  9  11  12
 59 -1  13  62  43  40  86  12  57  95
 85  13 -1  27  33  20  47  26  76  84
 40  62  27 -1  67  46  30  86  25  64
 64  43  33  67 -1  82  13  69  84  52
 32  40  20  46  82 -1  45  66  42  99
 7  86  47  30  13  45 -1  40  71  47
 9  12  26  86  69  66  40 -1  23  72
 11  57  76  25  84  42  71  23 -1  45
 12  95  84  64  52  99  47  72  45 -1

Brute : 228 ; [0, 1, 2, 3, 4, 5, 6, 7, 8, 9] ; 10!
Greedy: 283 ; [0, 6, 4, 2, 1, 7, 8, 3, 5, 9] ; 9

